PDE 2011  8 23 17 51  4.60  37.9400  -77.9300   6.0 5.9 5.8 VIRGINIA                                
event name:     201108231751A  
time shift:      0.00
half duration:   50.00
latitude:       90.0
longitude:      0.0
depth:         100.0000
Mrr:       1.0000e+30
Mtt:       1.0e+30
Mpp:      1.00000e+30
Mrt:       0.00000e+23
Mrp:      0.00000e+23
Mtp:      0.00000e+24
