XXX
event name:     0221.2009.108.a
time shift:     XXX
half duration:  XXX
latitude:      45.822674
longitude:     151.427002
depth:         35.000000
Mrr:           8.92e+18
Mtt:           -4.2e+18
Mpp:           -4.71e+18
Mrt:           6.89e+17
Mrp:           2.98e+18
Mtp:           -3.85e+18
